2458766.007 -16.18676952 0.04540102
2458771.007 -16.09659509 0.117499377
2458771.007 -16.55518608 0.082686675
2458772.007 -16.59215644 0.087560858
2458777.007 -16.12192573 0.074040024
2458777.007 -16.41289701 0.069287491
2458780.007 -15.9925637 0.063146698
2458786.007 -16.63497739 0.030422355
2458790.007 -16.03540032 0.039352299
2458790.007 -16.52817186 0.047762038
2458793.007 -16.04750186 0.036366201
2458793.007 -16.59302867 0.035281648
2458799.007 -16.04242508 0.07681302
2458805.007 -15.96788678 0.097182276
2458805.007 -16.61163737 0.045209934
2458813.007 -16.43754543 0.045725162
2458829.007 -15.38121693 0.087552924
2458829.007 -16.29550451 0.053616921
2458832.007 -15.16110984 0.160122259
2458832.007 -16.19144393 0.086478584
2458834.007 -16.08388918 0.088703592
2458835.007 -15.90641787 0.136702707
2458838.007 -14.73556078 0.183791588
2458838.007 -15.86237521 0.079623316
2458847.007 -14.89423221 0.090692467
2458850.007 -14.57746667 0.128556619
2458851.007 -14.50731701 0.168811819
2458852.007 -14.64813879 0.128885852
2458853.007 -14.62114646 0.100949373
2458854.007 -14.66849367 0.107179415
2458856.007 -14.5886352 0.119969478
2458865.007 -14.5708974 0.146110972
2458867.007 -14.25646297 0.194091155
2458868.007 -14.46240275 0.146127455
2458872.007 -14.42798905 0.182087263
2458874.007 -14.11564771 0.18618055
2458875.007 -14.33828907 0.132474904
2458877.007 -14.36158869 0.16800047
2458881.007 -14.2478122 0.176620649
2458882.007 -14.26973873 0.157664497
2458894.007 -14.24113816 0.172524577
2458895.007 -14.34959779 0.190640155
2458896.007 -14.13372274 0.181864671
2458897.007 -14.43544147 0.154452737
2458899.007 -14.11320033 0.153547974
2458900.007 -14.14584929 0.158466512
2458900.507 -14.15306109 0.196896778
2458904.007 -14.13770458 0.164182569